11111111111111111111111111111 G 11111111111111111111111111111111111111111111111111111111111111111111111111111111111111111111111
22222222222222222222222222222   2222222222222222                       22222222222222222222222222222222222222222222222222222222
22222222222222222222222222222   BBB        R                 D         22222222222222222222222222222222222222222222222222222222
22222222222222222222222222222   BBB                 11  11  111        22222222222222222222222222222222222222222222222222222222
22222222222222222222222222222   BBB   X  1111111111               11   22222222222222222222222222222222222222222222222222222222
22222222222222222222222222222   22222222222       2                    22222222222222222222222222222222222222222222222222222222
22222222222222      R              R    R         2                    22222222222222222222222222222222222222222222222222222222
22222222222  R        D     E P       D     2222  2     1          111 22222222222222222222222222222222222222222222222222222222
22222222222     11111111111111111111111111112222  2                    22222222222222222222222222222222222222222222222222222222
22222222222     2222222222222 2    22      22222  211        111       22222222222222222222222222222222222222222222222222222222
2222222222222    R       22   2 22  2  222   222  2                  D 22222222222222222222222222222222222222222222222222222222
2222222222222            22     22 22 222222 222  2                111122222222222222222222222222222222222222222222222222222222
2222222222222222         22 222222 22  22    222  2           D        22222222222222222222222222222222222222222222222222222222
2222222222222222222 D    22      2  22 22 222222  2          1111      22222222222222222222222222222222222222222222222222222222
22222222222222222221111  2222222 22    22     22  2  111               22222222222222222222222222222222222222222222222222222222
222222222222222       R  2222    222222222222 22  2                    22222222222222222222222222222222222222222222222222222222
222222222222222   D              222222222    22  2       1111         22222222222222222222222222222222222222222222222222222222
22222222222222   1111111122222222222222222 22222  2              1111  22222222222222222222222222222222222222222222222222222222
2    R           22222222222222222         22222  2                    22222222222222222222222222222222222222222222222222222222
2         D   D  22222222222222222    2222222222  D           D  D  D  22222222222222222222222222222222222222222222222222222222
2      1111111111222       R    22222 22222222221111111111111111111111122222222222222222222222222222222222222222222222222222222
2222   2222222222222            22222 22222222222222222222222222222222222222222222222222222222222222222222222222222222222222222
2      2222222222222            22222222222222222222222222222222222222222222222222222222222222222222222222222222222222222222222
2    D        D        D E   D  22222222222222222222222222222222222222222222222222222222222222222222222222222222222222222222222
2111111111111111111111111111111122222222222222222222222222222222222222222222222222222222222222222222222222222222222222222222222
2222222222222222222222222222222222222222222222222222222222222222222222222222222222222222222222222222222222222222222222222222222
2222222222222222222222222222222222222222222222222222222222222222222222222222222222222222222222222222222222222222222222222222222
2222222222222222222222222222222222222222222222222222222222222222222222222222222222222222222222222222222222222222222222222222222
2222222222222222222222222222222222222222222222222222222222222222222222222222222222222222222222222222222222222222222222222222222
2222222222222222222222222222222222222222222222222222222222222222222222222222222222222222222222222222222222222222222222222222222
2222222222222222222222222222222222222222222222222222222222222222222222222222222222222222222222222222222222222222222222222222222
2222222222222222222222222222222222222222222222222222222222222222222222222222222222222222222222222222222222222222222222222222222
